$ 1 0.000005 337.78679316735355 50 5 50 5e-11
153 1536 368 1664 368 0 2 0 5
153 1520 512 1664 512 0 2 0 5
w 1520 496 1664 368 0
w 1664 512 1536 384 0
162 1824 368 1904 368 2 default-led 1 0 0 0.01
401 544 160 752 160 5 8\s15\s-15\s1000000\s0\s0\s100000 2\s20\s10000000000\s2.5 1\s0
401 560 432 768 432 1 8\s15\s-15\s1000000\s0\s0\s100000 2\s20\s10000000000\s2.5 1\s0
R 48 224 -16 224 0 0 40 4 0 0 0.5
r 752 160 752 224 0 450
R 752 224 704 224 0 0 40 5 0 0 0.5
R 256 128 256 80 0 0 40 12 0 0 0.5
w 256 128 192 128 0
w 192 128 192 192 0
w 256 128 256 192 0
w 256 128 320 128 0
w 320 128 320 656 0
r 192 192 192 304 0 39000
r 192 384 192 512 0 1000
r 256 192 256 288 0 73000
r 256 384 256 512 0 47000
r 320 656 320 768 0 3000
r 320 848 320 976 0 1000
w 192 512 192 976 0
w 256 512 256 992 0
w 448 800 320 800 0
g 256 992 256 1040 0 0
w 192 304 192 336 0
w 192 336 192 384 0
w 256 288 256 320 0
w 256 320 256 384 0
w 192 336 368 336 0
w 256 320 432 320 0
401 560 576 768 576 1 8\s15\s-15\s1000000\s0\s0\s100000 2\s20\s10000000000\s2.5 1\s0
401 544 304 752 304 5 8\s15\s-15\s1000000\s0\s0\s100000 2\s20\s10000000000\s2.5 1\s0
w 368 336 368 144 0
w 368 144 544 144 0
w 368 336 368 448 0
w 368 448 560 448 0
w 320 768 320 800 0
w 320 800 320 848 0
w 320 976 256 992 0
401 560 752 768 752 5 8\s15\s-15\s1000000\s0\s0\s100000 2\s20\s10000000000\s2.5 1\s0
401 560 864 768 864 1 8\s15\s-15\s1000000\s0\s0\s100000 2\s20\s10000000000\s2.5 1\s0
w 448 800 560 768 0
w 448 800 560 848 0
w 432 320 544 320 0
w 432 320 432 560 0
w 432 560 560 560 0
R 48 880 -16 880 0 0 40 2 0 0 0.5
152 832 240 960 240 0 2 0 5
152 832 496 976 496 0 2 0 5
w 752 160 832 224 0
w 832 256 752 304 0
w 768 432 832 480 0
w 832 512 768 576 0
150 864 816 992 816 0 2 0 5
w 768 752 864 800 0
w 864 832 768 864 0
152 992 336 1120 336 0 2 0 5
w 960 240 992 320 0
w 992 352 976 496 0
r 752 224 752 304 0 1000
r 768 496 768 576 0 1000
R 768 496 720 496 0 0 40 5 0 0 0.5
r 768 432 768 496 0 450
r 768 800 768 864 0 1000
R 768 800 720 800 0 0 40 5 0 0 0.5
r 768 752 768 800 0 450
w 544 176 496 224 0
w 496 224 544 288 0
w 560 416 512 496 0
w 560 592 512 496 0
r 992 816 1152 816 0 10000
c 1152 816 1152 928 4 0.00001 0.001 0.001 0
g 1152 928 1152 992 0 0
152 1168 496 1312 496 0 2 0 5
w 1120 336 1168 480 0
w 1152 816 1168 512 0
w 496 224 48 224 0
w 32 736 560 736 0
w 48 224 32 736 0
w 560 880 48 880 0
w 48 880 64 496 0
w 64 496 512 496 0
w 192 976 256 992 0
w 1312 528 1392 528 0
w 1664 368 1824 368 0
w 1312 496 1312 528 0
c 1456 576 1456 640 4 0.00009999999999999999 0.001 0.001 0
r 1392 528 1456 528 0 1000
w 1456 576 1456 528 0
w 1456 528 1520 528 0
g 1456 640 1456 688 0 0
w 1664 512 1680 576 0
w 1680 576 1840 576 0
162 1840 576 1920 576 2 default-led 1 0 0 0.01
g 1920 576 1984 576 0 0
g 1904 368 1984 368 0 0
f 1248 144 1328 144 33 7 0.02
w 1248 320 1248 144 0
R 1328 128 1328 16 0 0 40 12 0 0 0.5
w 1328 160 1472 160 0
g 1552 160 1616 160 0 0
162 1472 160 1552 160 2 default-led 1 0 0 0.01
w 1536 352 1472 160 0
w 1312 496 1248 320 0
