$ 1 5.0E-6 10.0 50 5 50
v 96 416 96 336 0 0 500 0 0 0.5
w 96 336 256 336 0
s 256 336 336 336 0 1 false
w 336 336 416 336 0
r 416 336 416 384 0 40
r 416 384 416 432 0 0.1
w 416 432 576 432 0
c 576 432 576 336 0 3.2E-4 0
r 576 432 640 432 0 50000
w 576 336 640 336 0
w 640 336 640 432 0
w 96 416 576 416 0
s 256 336 256 256 0 1 false
w 256 256 576 256 0
w 576 256 576 336 0
w 416 384 352 384 0
r 352 384 352 432 0 1000
t 352 432 352 480 0 1 0.7
w 352 480 352 528 0
w 352 528 96 528 0
w 96 528 96 416 0
v 256 144 256 64 0 0 12 0 0 0.5
w 256 144 352 144 0
s 352 144 416 144 0 1 false
w 416 144 416 192 0
l 416 192 416 256 0 0.01
d 416 256 416 192 0 1e-9
w 416 256 352 256 0
w 352 256 352 480 0
g 96 528 0
