$ 1 0.000005 69.34413510434165 50 5 50 5e-11
v 208 368 208 224 0 0 40 500 0 0 0.5
w 320 224 400 224 0
w 400 224 400 272 0
w 400 272 432 272 0
r 432 272 496 272 0 40
178 608 256 496 256 6 1 0.2 0 0.05 1000000 0.02 20 0.015 0.005 0
w 608 256 848 256 0
w 992 256 992 320 0
c 992 320 992 400 4 0.00031999999999999997 0.001 0.001 0
w 208 368 208 640 0
w 208 640 480 640 0
w 992 448 992 400 0
w 496 288 496 496 0
w 608 288 608 384 0
R 1168 320 1136 320 0 0 40 4.5 0 0 0.5
a 1168 336 1248 336 8 15 0 1000000 0 0 100000
w 1072 352 1168 352 2
w 1072 400 1072 352 0
w 1072 320 1072 352 0
r 992 400 1072 400 0 100000
r 992 320 1072 320 0 10500000
w 1248 336 1312 336 2
w 400 224 400 128 0
178 608 112 496 112 6 1 0.2 0 0.05 1000000 0.02 20 0.015 0.005 0
w 400 128 496 128 0
w 608 112 848 112 0
w 848 256 848 112 0
178 624 496 624 384 14 1 0.2 0 0.05 1000000 0.02 20 0.015 0.005 0
w 640 384 640 144 0
w 640 144 608 144 0
w 496 144 96 144 0
w 96 144 -112 144 0
w 1312 336 1312 192 0
w 1312 192 656 192 0
w 656 192 656 384 0
404 208 224 320 224 0 0.0613 6.73 0 false
178 592 720 480 720 6 1 0.2 0 0.05 1000000 0.02 20 0.015 0.005 0
w 624 640 992 640 0
w 912 400 992 400 0
w 624 528 624 496 0
w 848 256 912 256 0
w 912 256 992 256 0
w 912 320 992 320 0
r 912 320 912 400 0 50000
w 992 448 992 640 0
g 1296 528 1296 592 0 0
w 656 528 1296 528 0
w 656 496 656 528 0
w 624 528 656 528 0
R -112 640 -112 704 0 0 40 5 0 0 0.5
w 496 496 -112 496 0
w -112 144 -112 496 0
s -112 576 -112 640 0 0 false
w -112 496 -112 576 0
w 816 720 672 720 0
v 368 720 368 672 0 0 40 5 0 0 0.5
g 256 672 256 704 0 0
g 592 656 592 704 0 0
w 816 752 928 704 0
R 448 688 448 720 0 0 40 600 0 0 0.5
o 8 128 0 4099 640 204.8 0 2 8 3
