$ 1 0.0000049999999999999996 10.20027730826997 40 5 50 5e-11
401 608 368 672 368 1 8\s15\s-15\s1000000\s0\s0\s100000 2\s20\s10000000000\s2.5 1\s0
r 448 192 448 256 0 1200000
r 448 432 448 496 0 10000
R 448 192 448 160 0 0 40 100 0 0 0.5
w 448 384 448 432 0
w 448 256 448 384 0
R 608 352 560 352 0 3 1000 5 0 0 0.5
w 608 384 448 384 2
162 848 336 848 272 2 default-led 1 0 0 0.01
g 448 496 448 528 0 0
w 672 368 752 368 2
R 848 512 848 576 0 0 40 3 0 0 0.5
r 848 432 848 512 0 450
g 848 224 848 160 0 0
w 848 368 848 336 0
w 848 368 848 432 0
w 848 224 848 272 0
401 560 672 640 672 1 8\s15\s-15\s1000000\s0\s0\s100000 2\s20\s10000000000\s2.5 1\s0
R 560 656 512 656 0 0 40 0.008 0 0 0.5
w 752 368 848 368 0
w 752 464 752 368 0
w 640 672 752 672 0
w 752 464 752 672 0
w 448 384 272 384 2
w 272 384 272 688 0
w 272 688 560 688 0
o 10 16 0 4099 2.5 0.0125 0 2 10 3
