$ 1 0.000005 10.20027730826997 50 5 50 5e-11
r -1888 -288 -1888 -80 0 1190000
r -1888 -32 -1888 112 0 10000
g -1888 112 -1888 128 0 0
a -1248 -112 -1248 -208 8 15 -15 1000000 0.5 4 100000
w -1344 -80 -1296 -80 2
w -1008 -80 -960 -80 0
a -912 -112 -912 -208 8 15 -15 1000000 1 4 100000
w -672 -80 -624 -80 0
a -576 -112 -576 -208 8 15 -15 1000000 1.5 4 100000
w -336 -80 -288 -80 0
a -240 -112 -240 -208 8 15 -15 1000000 2 4 100000
w -16 -80 32 -80 0
a 80 -112 80 -208 8 15 -15 1000000 2.5 4 100000
a 416 -112 416 -208 8 15 -15 1000000 3 4 100000
w 640 -80 688 -80 0
a 736 -112 736 -208 8 15 -15 1000000 3.5 4 100000
a -1552 -112 -1552 -208 8 15 -15 1000000 0 4 100000
R -1232 -112 -1152 -112 0 0 40 0.5 0 0 0.5
R -896 -112 -816 -112 0 0 40 1 0 0 0.5
R -560 -112 -480 -112 0 0 40 1.5 0 0 0.5
R -224 -112 -160 -112 0 0 40 2 0 0 0.5
R 96 -112 160 -112 0 0 40 2.5 0 0 0.5
R 432 -112 528 -112 0 0 40 3 0 0 0.5
R 752 -112 800 -112 0 0 40 3.5 0 0 0.5
R -1536 -112 -1488 -112 0 0 40 0 0 0 0.5
162 -1248 -208 -1248 -304 2 default-led 1 0 0 0.01
162 -912 -208 -912 -304 2 default-led 1 0 0 0.01
162 -576 -208 -576 -304 2 default-led 1 0 0 0.01
162 -240 -208 -240 -288 2 default-led 1 0 0 0.01
162 80 -208 80 -288 2 default-led 1 0 0 0.01
162 416 -208 416 -288 2 default-led 1 0 0 0.01
162 736 -208 736 -272 2 default-led 1 0 0 0.01
162 -1552 -208 -1552 -288 2 default-led 1 0 0 0.01
g -1248 -304 -1248 -352 0 0
g -912 -304 -912 -352 0 0
g -576 -304 -576 -352 0 0
g -240 -288 -240 -352 0 0
g 80 -288 80 -336 0 0
g 416 -288 416 -336 0 0
g 736 -272 736 -320 0 0
g -1552 -288 -1552 -320 0 0
w -1296 -80 -1200 -80 0
w -1200 -80 -1184 -80 0
w -1120 -80 -1008 -80 2
w -960 -80 -848 -80 0
w -784 -80 -672 -80 2
w -624 -80 -512 -80 0
w -448 -80 -336 -80 2
w -288 -80 -192 -80 0
w -192 -80 -176 -80 0
w -112 -80 -16 -80 2
w 32 -80 144 -80 0
w 208 -80 336 -80 0
w 368 -80 544 -80 0
w -1600 -80 -1488 -80 0
w 336 -80 368 -80 0
w -256 -112 -288 -80 0
w -592 -112 -624 -80 0
w -928 -112 -960 -80 0
w -1264 -112 -1296 -80 0
w 64 -112 32 -80 0
w 400 -112 368 -80 0
w 720 -112 688 -80 0
w -1568 -112 -1600 -80 0
w -1408 -80 -1344 -80 0
w -1184 -80 -1120 -80 0
w -848 -80 -800 -80 0
w -800 -80 -784 -80 0
w -512 -80 -448 -80 0
w -176 -80 -112 -80 0
w 144 -80 208 -80 0
w 544 -80 640 -80 0
w -1488 -80 -1424 -80 0
w -1424 -80 -1408 -80 0
w -1792 -80 -1600 -80 2
R -1888 -288 -1888 -384 0 0 40 480 0 0 0.5
w -1888 -80 -1888 -32 2
w -1792 -80 -1888 -80 0
a 960 -112 960 -240 8 15 -15 1000000 4 4 100000
w 688 -80 928 -80 0
w 944 -112 928 -80 0
162 960 -240 960 -288 2 default-led 1 0 0 0.01
g 960 -288 960 -304 0 0
R 976 -112 1024 -112 0 0 40 4 0 0 0.5
